==================== METODO DA BISSECCAO ====================
Iter	| a	| b	| x	| f(x)	| Erro
1	| 2	| 3	| 2.5	| -0.00514998	| 1
2	| 2.5	| 3	| 2.75	| 0.208165	| 0.5
3	| 2.5	| 2.75	| 2.625	| 0.100214	| 0.25
4	| 2.5	| 2.625	| 2.5625	| 0.0472012	| 0.125
Raiz aproximada = 2.5625

==================== METODO DO PONTO FIXO ====================
Iter	| x	| g(x)	| Erro
1	| 2	| 3.16228	| 1.16228
2	| 3.16228	| 2.07123	| 1.09105
3	| 2.07123	| 3.03952	| 0.968296
4	| 3.03952	| 2.13304	| 0.906484
5	| 2.13304	| 2.94316	| 0.810125
6	| 2.94316	| 2.1866	| 0.75656
7	| 2.1866	| 2.86636	| 0.67975
8	| 2.86636	| 2.23293	| 0.633425
9	| 2.23293	| 2.80441	| 0.571483
10	| 2.80441	| 2.2729	| 0.531511
11	| 2.2729	| 2.75401	| 0.481111
12	| 2.75401	| 2.30731	| 0.446701
13	| 2.30731	| 2.71272	| 0.405406
14	| 2.71272	| 2.33687	| 0.375851
15	| 2.33687	| 2.6787	| 0.341829
16	| 2.6787	| 2.3622	| 0.3165
17	| 2.3622	| 2.65054	| 0.288347
18	| 2.65054	| 2.38386	| 0.26668
19	| 2.38386	| 2.62716	| 0.243302
20	| 2.62716	| 2.40236	| 0.224802
21	| 2.40236	| 2.6077	| 0.205334
22	| 2.6077	| 2.41813	| 0.189562
23	| 2.41813	| 2.59145	| 0.173312
24	| 2.59145	| 2.43156	| 0.159885
25	| 2.43156	| 2.57786	| 0.146295
26	| 2.57786	| 2.44298	| 0.134879
27	| 2.44298	| 2.56647	| 0.123496
28	| 2.56647	| 2.45267	| 0.113799
29	| 2.45267	| 2.55693	| 0.104253
30	| 2.55693	| 2.4609	| 0.0960239
Raiz aproximada = 2.4609

==================== METODO DE NEWTON-RAPHSON ====================
Iter	| x	| f(x)	| Erro
1	| 2.5	| -0.00514998	| 0.00618813
Raiz aproximada = 2.50619

==================== METODO DA SECANTE ====================
Iter	| x_{k-1}	| x_k	| f(x_k)	| Erro
1	| 2	| 3	| 0.431364	| 0.520152
2	| 3	| 2.47985	| -0.0218855	| 0.025116
Raiz aproximada = 2.50496

==================== METODO DA FALSA POSICAO ====================
Iter	| a	| b	| x	| f(x)	| Erro
1	| 2	| 3	| 2.47985	| -0.0218855	| 0.0218855
Raiz aproximada = 2.47985

